Freq.	I(R1)	abs(V(n001))/abs(I(R1))
1.00000000000000e+003	1.97467359631944e-006,6.28428931058765e-004	1.59126197694355e+004,0.00000000000000e+000
1.02329299228075e+003	2.06777230362008e-006,6.43072246421754e-004	1.55502719331578e+004,0.00000000000000e+000
1.04712854805090e+003	2.16526201559990e-006,6.58057029356528e-004	1.51961690569566e+004,0.00000000000000e+000
1.07151930523761e+003	2.26735000189226e-006,6.73391260920275e-004	1.48501233908047e+004,0.00000000000000e+000
1.09647819614319e+003	2.37425333211001e-006,6.89083110023548e-004	1.45119514567142e+004,0.00000000000000e+000
1.12201845430196e+003	2.48619934076222e-006,7.05140937945608e-004	1.41814739514550e+004,0.00000000000000e+000
1.14815362149688e+003	2.60342611437734e-006,7.21573302964950e-004	1.38585156514852e+004,0.00000000000000e+000
1.17489755493953e+003	2.72618300190784e-006,7.38388965108425e-004	1.35429053200453e+004,0.00000000000000e+000
1.20226443461741e+003	2.85473114954486e-006,7.55596891022462e-004	1.32344756163666e+004,0.00000000000000e+000
1.23026877081238e+003	2.98934406112781e-006,7.73206258970105e-004	1.29330630069449e+004,0.00000000000000e+000
1.25892541179417e+003	3.13030818539275e-006,7.91226463957628e-004	1.26385076788325e+004,0.00000000000000e+000
1.28824955169313e+003	3.27792353136579e-006,8.09667122994742e-004	1.23506534549037e+004,0.00000000000000e+000
1.31825673855641e+003	3.43250431327348e-006,8.28538080492489e-004	1.20693477110475e+004,0.00000000000000e+000
1.34896288259165e+003	3.59437962641091e-006,8.47849413803136e-004	1.17944412952443e+004,0.00000000000000e+000
1.38038426460288e+003	3.76389415548113e-006,8.67611438906551e-004	1.15257884484837e+004,0.00000000000000e+000
1.41253754462275e+003	3.94140891699625e-006,8.87834716247701e-004	1.12632467274809e+004,0.00000000000000e+000
1.44543977074593e+003	4.12730203741101e-006,9.08530056730168e-004	1.10066769291520e+004,0.00000000000000e+000
1.47910838816821e+003	4.32196956874516e-006,9.29708527870727e-004	1.07559430168059e+004,0.00000000000000e+000
1.51356124843621e+003	4.52582634354032e-006,9.51381460120312e-004	1.05109120480168e+004,0.00000000000000e+000
1.54881661891248e+003	4.73930687109199e-006,9.73560453356869e-004	1.02714541041357e+004,0.00000000000000e+000
1.58489319246111e+003	4.96286627699712e-006,9.96257383555904e-004	1.00374422214064e+004,0.00000000000000e+000
1.62181009735893e+003	5.19698128816306e-006,1.01948440964475e-003	9.80875232364743e+003,0.00000000000000e+000
1.65958690743756e+003	5.44215126553496e-006,1.04325398054687e-003	9.58526315646529e+003,0.00000000000000e+000
1.69824365246174e+003	5.69889928691646e-006,1.06757884242287e-003	9.36685622296399e+003,0.00000000000000e+000
1.73780082874937e+003	5.96777328238211e-006,1.09247204611503e-003	9.15341572091644e+003,0.00000000000000e+000
1.77827941003892e+003	6.24934722491179e-006,1.11794695480271e-003	8.94482848136465e+003,0.00000000000000e+000
1.81970085860998e+003	6.54422237901559e-006,1.14401725187629e-003	8.74098390861621e+003,0.00000000000000e+000
1.86208713666287e+003	6.85302861026446e-006,1.17069694903743e-003	8.54177392160504e+003,0.00000000000000e+000
1.90546071796325e+003	7.17642575879718e-006,1.19800039463426e-003	8.34709289658558e+003,0.00000000000000e+000
1.94984459975804e+003	7.51510508003809e-006,1.22594228224013e-003	8.15683761112970e+003,0.00000000000000e+000
1.99526231496888e+003	7.86979075603423e-006,1.25453765948530e-003	7.97090718939701e+003,0.00000000000000e+000
2.04173794466953e+003	8.24124148100440e-006,1.28380193715117e-003	7.78920304864932e+003,0.00000000000000e+000
2.08929613085404e+003	8.63025212488794e-006,1.31375089853737e-003	7.61162884698084e+003,0.00000000000000e+000
2.13796208950223e+003	9.03765547888776e-006,1.34440070911246e-003	7.43809043223667e+003,0.00000000000000e+000
2.18776162394955e+003	9.46432408722161e-006,1.37576792645950e-003	7.26849579209221e+003,0.00000000000000e+000
2.23872113856834e+003	9.91117216952825e-006,1.40786951052861e-003	7.10275500526724e+003,0.00000000000000e+000
2.29086765276777e+003	1.03791576386225e-005,1.44072283420892e-003	6.94078019384865e+003,0.00000000000000e+000
2.34422881531992e+003	1.08692842185556e-005,1.47434569423333e-003	6.78248547669662e+003,0.00000000000000e+000
2.39883291901949e+003	1.13826036682152e-005,1.50875632243006e-003	6.62778692390957e+003,0.00000000000000e+000
2.45470891568503e+003	1.19202181159982e-005,1.54397339733586e-003	6.47660251232364e+003,0.00000000000000e+000
2.51188643150958e+003	1.24832825114027e-005,1.58001605618642e-003	6.32885208202319e+003,0.00000000000000e+000
2.57039578276886e+003	1.30730071997206e-005,1.61690390730059e-003	6.18445729383930e+003,0.00000000000000e+000
2.63026799189538e+003	1.36906606263745e-005,1.65465704287603e-003	6.04334158781354e+003,0.00000000000000e+000
2.69153480392691e+003	1.43375721778155e-005,1.69329605221456e-003	5.90543014260525e+003,0.00000000000000e+000
2.75422870333816e+003	1.50151351663132e-005,1.73284203539708e-003	5.77064983582065e+003,0.00000000000000e+000
2.81838293126445e+003	1.57248099663950e-005,1.77331661742866e-003	5.63892920524269e+003,0.00000000000000e+000
2.88403150312660e+003	1.64681273111585e-005,1.81474196287592e-003	5.51019841094135e+003,0.00000000000000e+000
2.95120922666638e+003	1.72466917571727e-005,1.85714079102007e-003	5.38438919824395e+003,0.00000000000000e+000
3.01995172040201e+003	1.80621853272107e-005,1.90053639155029e-003	5.26143486154613e+003,0.00000000000000e+000
3.09029543251359e+003	1.89163713406230e-005,1.94495264082389e-003	5.14127020894417e+003,0.00000000000000e+000
3.16227766016838e+003	1.98110984417598e-005,1.99041401872113e-003	5.02383152766989e+003,0.00000000000000e+000
3.23593656929628e+003	2.07483048375008e-005,2.03694562612432e-003	4.90905655030994e+003,0.00000000000000e+000
3.31131121482591e+003	2.17300227556411e-005,2.08457320305299e-003	4.79688442179138e+003,0.00000000000000e+000
3.38844156139202e+003	2.27583831366231e-005,2.13332314748837e-003	4.68725566711621e+003,0.00000000000000e+000
3.46736850452531e+003	2.38356205719017e-005,2.18322253492327e-003	4.58011215982766e+003,0.00000000000000e+000
3.54813389233575e+003	2.49640785030833e-005,2.23429913867509e-003	4.47539709119153e+003,0.00000000000000e+000
3.63078054770101e+003	2.61462146968968e-005,2.28658145100262e-003	4.37305494007635e+003,0.00000000000000e+000
3.71535229097172e+003	2.73846070120411e-005,2.34009870506987e-003	4.27303144351613e+003,0.00000000000000e+000
3.80189396320561e+003	2.86819594750155e-005,2.39488089780273e-003	4.17527356794049e+003,0.00000000000000e+000
3.89045144994280e+003	3.00411086831792e-005,2.45095881368770e-003	4.07972948105650e+003,0.00000000000000e+000
3.98107170553497e+003	3.14650305545187e-005,2.50836404956515e-003	3.98634852436767e+003,0.00000000000000e+000
4.07380277804112e+003	3.29568474449259e-005,2.56712904047272e-003	3.89508118631532e+003,0.00000000000000e+000
4.16869383470335e+003	3.45198356552213e-005,2.62728708659893e-003	3.80587907602818e+003,0.00000000000000e+000
4.26579518801592e+003	3.61574333517000e-005,2.68887238141057e-003	3.71869489766624e+003,0.00000000000000e+000
4.36515832240165e+003	3.78732489256467e-005,2.75192004102213e-003	3.63348242534541e+003,0.00000000000000e+000
4.46683592150962e+003	3.96710698190690e-005,2.81646613488030e-003	3.55019647862943e+003,0.00000000000000e+000
4.57088189614874e+003	4.15548718458496e-005,2.88254771784141e-003	3.46879289857641e+003,0.00000000000000e+000
4.67735141287197e+003	4.35288290396306e-005,2.95020286372558e-003	3.38922852432687e+003,0.00000000000000e+000
4.78630092322637e+003	4.55973240620315e-005,3.01947070043678e-003	3.31146117022134e+003,0.00000000000000e+000
4.89778819368445e+003	4.77649592072858e-005,3.09039144674479e-003	3.23544960343500e+003,0.00000000000000e+000
5.01187233627271e+003	5.00365680420737e-005,3.16300645083187e-003	3.16115352211779e+003,0.00000000000000e+000
5.12861383991364e+003	5.24172277222550e-005,3.23735823071394e-003	3.08853353402820e+003,0.00000000000000e+000
5.24807460249772e+003	5.49122720313856e-005,3.31349051665494e-003	3.01755113564964e+003,0.00000000000000e+000
5.37031796370252e+003	5.75273051893607e-005,3.39144829570069e-003	2.94816869177815e+003,0.00000000000000e+000
5.49540873857624e+003	6.02682164832926e-005,3.47127785846882e-003	2.88034941557068e+003,0.00000000000000e+000
5.62341325190348e+003	6.31411957768353e-005,3.55302684834086e-003	2.81405734904350e+003,0.00000000000000e+000
5.75439937337156e+003	6.61527499586399e-005,3.63674431321383e-003	2.74925734401028e+003,0.00000000000000e+000
5.88843655355588e+003	6.93097203955102e-005,3.72248075998034e-003	2.68591504344971e+003,0.00000000000000e+000
6.02559586074357e+003	7.26193014611563e-005,3.81028821191916e-003	2.62399686329308e+003,0.00000000000000e+000
6.16595001861481e+003	7.60890602172758e-005,3.90022026919206e-003	2.56346997462178e+003,0.00000000000000e+000
6.30957344480192e+003	7.97269573300685e-005,3.99233217265764e-003	2.50430228626569e+003,0.00000000000000e+000
6.45654229034654e+003	8.35413693122713e-005,4.08668087122956e-003	2.44646242779299e+003,0.00000000000000e+000
6.60693448007595e+003	8.75411121884545e-005,4.18332509302374e-003	2.38991973288252e+003,0.00000000000000e+000
6.76082975391980e+003	9.17354666897092e-005,4.28232542055890e-003	2.33464422306986e+003,0.00000000000000e+000
6.91830970918935e+003	9.61342050930745e-005,4.38374437029536e-003	2.28060659185864e+003,0.00000000000000e+000
7.07945784384136e+003	1.00747619831171e-004,4.48764647681976e-003	2.22777818918851e+003,0.00000000000000e+000
7.24435960074989e+003	1.05586554008642e-004,4.59409838200834e-003	2.17613100625174e+003,0.00000000000000e+000
7.41310241300916e+003	1.10662433974262e-004,4.70316892952785e-003	2.12563766065041e+003,0.00000000000000e+000
7.58577575029182e+003	1.15987304111067e-004,4.81492926506307e-003	2.07627138188621e+003,0.00000000000000e+000
7.76247116628690e+003	1.21573864021754e-004,4.92945294269123e-003	2.02800599717550e+003,0.00000000000000e+000
7.94328234724280e+003	1.27435508303031e-004,5.04681603785903e-003	1.98081591758186e+003,0.00000000000000e+000
8.12830516164097e+003	1.33586369120761e-004,5.16709726745565e-003	1.93467612445904e+003,0.00000000000000e+000
8.31763771102669e+003	1.40041361817822e-004,5.29037811751678e-003	1.88956215619705e+003,0.00000000000000e+000
8.51138038202374e+003	1.46816233808829e-004,5.41674297914031e-003	1.84545009526461e+003,0.00000000000000e+000
8.70963589956079e+003	1.53927617040534e-004,5.54627929324380e-003	1.80231655554090e+003,0.00000000000000e+000
8.91250938133744e+003	1.61393084324006e-004,5.67907770484852e-003	1.76013866993026e+003,0.00000000000000e+000
9.12010839355908e+003	1.69231209875079e-004,5.81523222763449e-003	1.71889407825314e+003,0.00000000000000e+000
9.33254300796989e+003	1.77461634433282e-004,5.95484041957630e-003	1.67856091540713e+003,0.00000000000000e+000
9.54992586021434e+003	1.86105135367010e-004,6.09800357054165e-003	1.63911779979176e+003,0.00000000000000e+000
9.77237220955809e+003	1.95183702214535e-004,6.24482690281343e-003	1.60054382199123e+003,0.00000000000000e+000
9.99999999999998e+003	2.04720618157109e-004,6.39541978558310e-003	1.56281853370900e+003,0.00000000000000e+000
1.02329299228075e+004	2.14740547972500e-004,6.54989596455879e-003	1.52592193694864e+003,0.00000000000000e+000
1.04712854805090e+004	2.25269633075582e-004,6.70837380793731e-003	1.48983447343536e+003,0.00000000000000e+000
1.07151930523760e+004	2.36335594317749e-004,6.87097657010540e-003	1.45453701427270e+003,0.00000000000000e+000
1.09647819614318e+004	2.47967843290029e-004,7.03783267456422e-003	1.42001084982913e+003,0.00000000000000e+000
1.12201845430196e+004	2.60197602956735e-004,7.20907601771310e-003	1.38623767984945e+003,0.00000000000000e+000
1.14815362149688e+004	2.73058038538616e-004,7.38484629528623e-003	1.35319960378584e+003,0.00000000000000e+000
1.17489755493953e+004	2.86584399668103e-004,7.56528935340976e-003	1.32087911134385e+003,0.00000000000000e+000
1.20226443461741e+004	3.00814174955999e-004,7.75055756644064e-003	1.28925907323847e+003,0.00000000000000e+000
1.23026877081238e+004	3.15787260240667e-004,7.94081024396280e-003	1.25832273215568e+003,0.00000000000000e+000
1.25892541179416e+004	3.31546141939556e-004,8.13621406955542e-003	1.22805369391513e+003,0.00000000000000e+000
1.28824955169313e+004	3.48136097091273e-004,8.33694357421343e-003	1.19843591882952e+003,0.00000000000000e+000
1.31825673855640e+004	3.65605411867109e-004,8.54318164759685e-003	1.16945371325655e+003,0.00000000000000e+000
1.34896288259165e+004	3.84005620547416e-004,8.75512009061605e-003	1.14109172133947e+003,0.00000000000000e+000
1.38038426460288e+004	4.03391767204205e-004,8.97296021322923e-003	1.11333491693224e+003,0.00000000000000e+000
1.41253754462275e+004	4.23822692611426e-004,9.19691348174198e-003	1.08616859570571e+003,0.00000000000000e+000
1.44543977074592e+004	4.45361349223697e-004,9.42720222036147e-003	1.05957836743118e+003,0.00000000000000e+000
1.47910838816820e+004	4.68075147429048e-004,9.66406037227751e-003	1.03355014843792e+003,0.00000000000000e+000
1.51356124843620e+004	4.92036336698579e-004,9.90773432612620e-003	1.00807015424162e+003,0.00000000000000e+000
1.54881661891248e+004	5.17322425734333e-004,1.01584838143485e-002	9.83124892340457e+002,0.00000000000000e+000
1.58489319246111e+004	5.44016646266105e-004,1.04165828906961e-002	9.58701155176155e+002,0.00000000000000e+000
1.62181009735893e+004	5.72208465779935e-004,1.06823209949706e-002	9.34786013257350e+002,0.00000000000000e+000
1.65958690743756e+004	6.01994155189743e-004,1.09560041140282e-002	9.11366808442800e+002,0.00000000000000e+000
1.69824365246174e+004	6.33477418305170e-004,1.12379560491459e-002	8.88431147382340e+002,0.00000000000000e+000
1.73780082874937e+004	6.66770090922898e-004,1.15285198010589e-002	8.65966895113623e+002,0.00000000000000e+000
1.77827941003892e+004	7.01992918498646e-004,1.18280590853526e-002	8.43962168813072e+002,0.00000000000000e+000
1.81970085860998e+004	7.39276422670539e-004,1.21369599924545e-002	8.22405331699703e+002,0.00000000000000e+000
1.86208713666286e+004	7.78761868434810e-004,1.24556328082543e-002	8.01284987090879e+002,0.00000000000000e+000
1.90546071796324e+004	8.20602345561700e-004,1.27845140134095e-002	7.80589972609436e+002,0.00000000000000e+000
1.94984459975804e+004	8.64963979931058e-004,1.31240684817213e-002	7.60309354542047e+002,0.00000000000000e+000
1.99526231496887e+004	9.12027292921343e-004,1.34747919006204e-002	7.40432422349201e+002,0.00000000000000e+000
2.04173794466952e+004	9.61988729872764e-004,1.38372134398581e-002	7.20948683327713e+002,0.00000000000000e+000
2.08929613085403e+004	1.01506238205022e-003,1.42118986980018e-002	7.01847857427353e+002,0.00000000000000e+000
2.13796208950222e+004	1.07148193055833e-003,1.45994529603731e-002	6.83119872223888e+002,0.00000000000000e+000
2.18776162394954e+004	1.13150284543580e-003,1.50005248067215e-002	6.64754858051688e+002,0.00000000000000e+000
2.23872113856833e+004	1.19540487883500e-003,1.54158101123091e-002	6.46743143300011e+002,0.00000000000000e+000
2.29086765276777e+004	1.26349489796596e-003,1.58460564923103e-002	6.29075249878254e+002,0.00000000000000e+000
2.34422881531991e+004	1.33611011158758e-003,1.62920682466551e-002	6.11741888856726e+002,0.00000000000000e+000
2.39883291901948e+004	1.41362175355497e-003,1.67547118708423e-002	5.94733956291112e+002,0.00000000000000e+000
2.45470891568502e+004	1.49643929864281e-003,1.72349222080216e-002	5.78042529240582e+002,0.00000000000000e+000
2.51188643150957e+004	1.58501530001385e-003,1.77337093290459e-002	5.61658861991687e+002,0.00000000000000e+000
2.57039578276885e+004	1.67985095485643e-003,1.82521662405129e-002	5.45574382502747e+002,0.00000000000000e+000
2.63026799189537e+004	1.78150252558804e-003,1.87914775364085e-002	5.29780689086482e+002,0.00000000000000e+000
2.69153480392691e+004	1.89058876951633e-003,1.93529291272409e-002	5.14269547352321e+002,0.00000000000000e+000
2.75422870333816e+004	2.00779956110685e-003,1.99379192020172e-002	4.99032887434215e+002,0.00000000000000e+000
2.81838293126444e+004	2.13390592948704e-003,2.05479706036509e-002	4.84062801535070e+002,0.00000000000000e+000
2.88403150312660e+004	2.26977178138353e-003,2.11847448280973e-002	4.69351541825410e+002,0.00000000000000e+000
2.95120922666637e+004	2.41636763874716e-003,2.18500578925228e-002	4.54891518741655e+002,0.00000000000000e+000
3.01995172040200e+004	2.57478679397023e-003,2.25458983590906e-002	4.40675299739028e+002,0.00000000000000e+000
3.09029543251358e+004	2.74626437787845e-003,2.32744478496198e-002	4.26695608565888e+002,0.00000000000000e+000
3.16227766016837e+004	2.93219995185733e-003,2.40381044437484e-002	4.12945325140810e+002,0.00000000000000e+000
3.23593656929627e+004	3.13418438247256e-003,2.48395094207671e-002	3.99417486131812e+002,0.00000000000000e+000
3.31131121482590e+004	3.35403194391626e-003,2.56815778846040e-002	3.86105286359665e+002,0.00000000000000e+000
3.38844156139201e+004	3.59381883271138e-003,2.65675339042240e-002	3.73002081175434e+002,0.00000000000000e+000
3.46736850452530e+004	3.85592958658929e-003,2.75009509095821e-002	3.60101389998116e+002,0.00000000000000e+000
3.54813389233574e+004	4.14311329718204e-003,2.84857982075520e-002	3.47396901243390e+002,0.00000000000000e+000
3.63078054770100e+004	4.45855202373934e-003,2.95264946234405e-002	3.34882478932308e+002,0.00000000000000e+000
3.71535229097171e+004	4.80594449281669e-003,3.06279704306668e-002	3.22552171342919e+002,0.00000000000000e+000
3.80189396320560e+004	5.18960906209772e-003,3.17957388997496e-002	3.10400222163837e+002,0.00000000000000e+000
3.89045144994279e+004	5.61461111158156e-003,3.30359789681906e-002	2.98421084733835e+002,0.00000000000000e+000
3.98107170553496e+004	6.08692160844692e-003,3.43556306858500e-002	2.86609440115711e+002,0.00000000000000e+000
4.07380277804111e+004	6.61361572155095e-003,3.57625051899897e-002	2.74960219969858e+002,0.00000000000000e+000
4.16869383470334e+004	7.20312324695487e-003,3.72654109458544e-002	2.63468635482588e+002,0.00000000000000e+000
4.26579518801591e+004	7.86554654356772e-003,3.88742977393492e-002	2.52130213993852e+002,0.00000000000000e+000
4.36515832240164e+004	8.61306709041310e-003,4.06004192318175e-002	2.40940845497786e+002,0.00000000000000e+000
4.46683592150961e+004	9.46046926882755e-003,4.24565134444507e-002	2.29896841913931e+002,0.00000000000000e+000
4.57088189614873e+004	1.04258204121828e-002,4.44569977475072e-002	2.18995013029365e+002,0.00000000000000e+000
4.67735141287196e+004	1.15313607993101e-002,4.66181697780751e-002	2.08232764413012e+002,0.00000000000000e+000
4.78630092322636e+004	1.28046778800933e-002,4.89583964475813e-002	1.97608224582814e+002,0.00000000000000e+000
4.89778819368444e+004	1.42802681400891e-002,5.14982567659801e-002	1.87120411533485e+002,0.00000000000000e+000
5.01187233627270e+004	1.60016311358910e-002,5.42605752174141e-002	1.76769452815668e+002,0.00000000000000e+000
5.12861383991362e+004	1.80240979936280e-002,5.72702313186494e-002	1.66556879320645e+002,0.00000000000000e+000
5.24807460249770e+004	2.04186765926792e-002,6.05535407029722e-002	1.56486021729485e+002,0.00000000000000e+000
5.37031796370250e+004	2.32773027334191e-002,6.41368428969792e-002	1.46562551717441e+002,0.00000000000000e+000
5.49540873857622e+004	2.67200203013102e-002,6.80436455329664e-002	1.36795229756343e+002,0.00000000000000e+000
5.62341325190346e+004	3.09047536736812e-002,7.22891645999797e-002	1.27196951227350e+002,0.00000000000000e+000
5.75439937337154e+004	3.60404051127087e-002,7.68701896909088e-002	1.17786227714614e+002,0.00000000000000e+000
5.88843655355586e+004	4.24037787600789e-002,8.17465943459374e-002	1.08589307891892e+002,0.00000000000000e+000
6.02559586074355e+004	5.03596851562436e-002,8.68080509371153e-002	9.96432403017191e+001,0.00000000000000e+000
6.16595001861479e+004	6.03799753737610e-002,9.18150975251076e-002	9.10003115729884e+001,0.00000000000000e+000
6.30957344480190e+004	7.30476201170997e-002,9.62978558121159e-002	8.27344357687522e+001,0.00000000000000e+000
6.45654229034652e+004	8.90090335231737e-002,9.93923670454214e-002	7.49501147959589e+001,0.00000000000000e+000
6.60693448007593e+004	1.08791206265861e-001,9.96106396740285e-002	6.77941857524575e+001,0.00000000000000e+000
6.76082975391979e+004	1.32333234051892e-001,9.46257504773190e-002	6.14688208195542e+001,0.00000000000000e+000
6.91830970918933e+004	1.58087017080999e-001,8.13957376722525e-002	5.62394730268004e+001,0.00000000000000e+000
7.07945784384134e+004	1.81945331657358e-001,5.73082441957033e-002	5.24226398057724e+001,0.00000000000000e+000
7.24435960074987e+004	1.97374909638151e-001,2.27450541681724e-002	5.03319055517709e+001,0.00000000000000e+000
7.41310241300914e+004	1.98580156866056e-001,-1.67677776560395e-002	5.01789327776844e+001,0.00000000000000e+000
7.58577575029180e+004	1.85053574591189e-001,-5.25846864568640e-002	5.19805183273476e+001,0.00000000000000e+000
7.76247116628688e+004	1.62033777134736e-001,-7.84293463714431e-002	5.55503202661780e+001,0.00000000000000e+000
7.94328234724277e+004	1.36230223464665e-001,-9.32031437114908e-002	6.05832560165768e+001,0.00000000000000e+000
8.12830516164095e+004	1.12193065510860e-001,-9.92516014488487e-002	6.67584643091604e+001,0.00000000000000e+000
8.31763771102667e+004	9.18023768992386e-002,-9.96615862473316e-002	7.38010230430471e+001,0.00000000000000e+000
8.51138038202372e+004	7.52786086198485e-002,-9.68945390608627e-002	8.14992389703076e+001,0.00000000000000e+000
8.70963589956076e+004	6.21452100053042e-002,-9.25568274012727e-002	8.96985690992476e+001,0.00000000000000e+000
8.91250938133741e+004	5.17571699947541e-002,-8.75923645561955e-002	9.82888116258333e+001,0.00000000000000e+000
9.12010839355905e+004	4.35165059729784e-002,-8.25193361579985e-002	1.07191990645058e+002,0.00000000000000e+000
9.33254300796986e+004	3.69337862631804e-002,-7.76047998045957e-002	1.16352958160398e+002,0.00000000000000e+000
9.54992586021431e+004	3.16287899248456e-002,-7.29743182238084e-002	1.25732646430978e+002,0.00000000000000e+000
9.77237220955805e+004	2.73125007156079e-002,-6.86761836444309e-002	1.35303369539241e+002,0.00000000000000e+000
9.99999999999995e+004	2.37667440735285e-002,-6.47178153662042e-002	1.45045580420809e+002,0.00000000000000e+000
1.02329299228075e+005	2.08266798349549e-002,-6.10860218789047e-002	1.54945627341208e+002,0.00000000000000e+000
1.04712854805089e+005	1.83671338334779e-002,-5.77581309806048e-002	1.64994189351464e+002,0.00000000000000e+000
1.07151930523760e+005	1.62923599150467e-002,-5.47080051114242e-002	1.75185173375839e+002,0.00000000000000e+000
1.09647819614318e+005	1.45285064030395e-002,-5.19092060182140e-002	1.85514927305174e+002,0.00000000000000e+000
1.12201845430196e+005	1.30181051483579e-002,-4.93365776745682e-002	1.95981671571498e+002,0.00000000000000e+000
1.14815362149688e+005	1.17160379560810e-002,-4.69669584134775e-002	2.06585083522034e+002,0.00000000000000e+000
1.17489755493952e+005	1.05865720348472e-002,-4.47794211003135e-002	2.17325989958604e+002,0.00000000000000e+000
1.20226443461741e+005	9.60116759235956e-003,-4.27552651194335e-002	2.28206137186766e+002,0.00000000000000e+000
1.23026877081237e+005	8.73684454636315e-003,-4.08778853411727e-002	2.39228017277904e+002,0.00000000000000e+000
1.25892541179416e+005	7.97495612677868e-003,-3.91325874552804e-002	2.50394735575758e+002,0.00000000000000e+000
1.28824955169313e+005	7.30026050494858e-003,-3.75063874172333e-002	2.61709908804503e+002,0.00000000000000e+000
1.31825673855640e+005	6.70021230055308e-003,-3.59878148117517e-002	2.73177586125285e+002,0.00000000000000e+000
1.34896288259165e+005	6.16441755441424e-003,-3.45667298123586e-002	2.84802187577873e+002,0.00000000000000e+000
1.38038426460288e+005	5.68421117871453e-003,-3.32341577692093e-002	2.96588455820811e+002,0.00000000000000e+000
1.41253754462275e+005	5.25232688963289e-003,-3.19821423810794e-002	3.08541418138249e+002,0.00000000000000e+000
1.44543977074592e+005	4.86263750923335e-003,-3.08036168028924e-002	3.20666356442753e+002,0.00000000000000e+000
1.47910838816820e+005	4.50994921161685e-003,-2.96922912722469e-002	3.32968783558168e+002,0.00000000000000e+000
1.51356124843620e+005	4.18983742213600e-003,-2.86425555387217e-002	3.45454424474725e+002,0.00000000000000e+000
1.54881661891247e+005	3.89851510423039e-003,-2.76493943347702e-002	3.58129201571603e+002,0.00000000000000e+000
1.58489319246110e+005	3.63272639918117e-003,-2.67083142135542e-002	3.70999223029083e+002,0.00000000000000e+000
1.62181009735892e+005	3.38966024050079e-003,-2.58152802267248e-002	3.84070773823716e+002,0.00000000000000e+000
1.65958690743755e+005	3.16687980331262e-003,-2.49666610844948e-002	3.97350308830332e+002,0.00000000000000e+000
1.69824365246173e+005	2.96226458169494e-003,-2.41591816100147e-002	4.10844447654663e+002,0.00000000000000e+000
1.73780082874937e+005	2.77396259388110e-003,-2.33898814592016e-002	4.24559970897498e+002,0.00000000000000e+000
1.77827941003891e+005	2.60035075453088e-003,-2.26560792209198e-002	4.38503817611335e+002,0.00000000000000e+000
1.81970085860997e+005	2.44000186733965e-003,-2.19553411392999e-002	4.52683083757403e+002,0.00000000000000e+000
1.86208713666286e+005	2.29165701106128e-003,-2.12854538103183e-002	4.67105021507918e+002,0.00000000000000e+000
1.90546071796324e+005	2.15420234048847e-003,-2.06444002997641e-002	4.81777039267691e+002,0.00000000000000e+000
1.94984459975803e+005	2.02664951806486e-003,-2.00303392110058e-002	4.96706702312542e+002,0.00000000000000e+000
1.99526231496887e+005	1.90811914430680e-003,-1.94415863002112e-002	5.11901733960656e+002,0.00000000000000e+000
2.04173794466952e+005	1.79782667564425e-003,-1.88765982955170e-002	5.27370017208033e+002,0.00000000000000e+000
2.08929613085403e+005	1.69507041387422e-003,-1.83339586265706e-002	5.43119596771377e+002,0.00000000000000e+000
2.13796208950222e+005	1.59922122765373e-003,-1.78123648132075e-002	5.59158681491645e+002,0.00000000000000e+000
2.18776162394954e+005	1.50971372754419e-003,-1.73106172979350e-002	5.75495647059587e+002,0.00000000000000e+000
2.23872113856833e+005	1.42603866528718e-003,-1.68276095373633e-002	5.92139039031203e+002,0.00000000000000e+000
2.29086765276776e+005	1.34773636773938e-003,-1.63623191936013e-002	6.09097576106555e+002,0.00000000000000e+000
2.34422881531991e+005	1.27439104816282e-003,-1.59138002886389e-002	6.26380153649879e+002,0.00000000000000e+000
2.39883291901948e+005	1.20562586386806e-003,-1.54811762034730e-002	6.43995847432710e+002,0.00000000000000e+000
2.45470891568501e+005	1.14109861072948e-003,-1.50636334197076e-002	6.61953917584876e+002,0.00000000000000e+000
2.51188643150956e+005	1.08049796277005e-003,-1.46604159150089e-002	6.80263812740879e+002,0.00000000000000e+000
2.57039578276885e+005	1.02354017958471e-003,-1.42708201354681e-002	6.98935174371350e+002,0.00000000000000e+000
2.63026799189536e+005	9.69966216427182e-004,-1.38941904779356e-002	7.17977841291202e+002,0.00000000000000e+000
2.69153480392690e+005	9.19539181790988e-004,-1.35299152239836e-002	7.37401854337649e+002,0.00000000000000e+000
2.75422870333815e+005	8.72042095649097e-004,-1.31774228745463e-002	7.57217461212655e+002,0.00000000000000e+000
2.81838293126444e+005	8.27275908478368e-004,-1.28361788406625e-002	7.77435121485506e+002,0.00000000000000e+000
2.88403150312659e+005	7.85057747028839e-004,-1.25056824512464e-002	7.98065511752233e+002,0.00000000000000e+000
2.95120922666637e+005	7.45219357701538e-004,-1.21854642435732e-002	8.19119530949438e+002,0.00000000000000e+000
3.01995172040200e+005	7.07605722531458e-004,-1.18750835062937e-002	8.40608305820875e+002,0.00000000000000e+000
3.09029543251357e+005	6.72073826265930e-004,-1.15741260483759e-002	8.62543196535730e+002,0.00000000000000e+000
3.16227766016836e+005	6.38491555989632e-004,-1.12822021704856e-002	8.84935802458180e+002,0.00000000000000e+000
3.23593656929626e+005	6.06736717263373e-004,-1.09989448180390e-002	9.07797968068259e+002,0.00000000000000e+000
3.31131121482589e+005	5.76696152887426e-004,-1.07240078975285e-002	9.31141789034548e+002,0.00000000000000e+000
3.38844156139200e+005	5.48264952230678e-004,-1.04570647397987e-002	9.54979618439572e+002,0.00000000000000e+000
3.46736850452529e+005	5.21345740633891e-004,-1.01978066957678e-002	9.79324073159169e+002,0.00000000000000e+000
3.54813389233573e+005	4.95848039740077e-004,-9.94594185168047e-003	1.00418804039740e+003,0.00000000000000e+000
3.63078054770099e+005	4.71687690761157e-004,-9.70119385238676e-003	1.02958468437885e+003,0.00000000000000e+000
3.71535229097170e+005	4.48786333686846e-004,-9.46330082236811e-003	1.05552745320048e+003,0.00000000000000e+000
3.80189396320558e+005	4.27070936302270e-004,-9.23201437532674e-003	1.08203008584538e+003,0.00000000000000e+000
3.89045144994278e+005	4.06473367625800e-004,-9.00709870411210e-003	1.10910661936102e+003,0.00000000000000e+000
3.98107170553494e+005	3.86930011024756e-004,-8.78832974361049e-003	1.13677139620479e+003,0.00000000000000e+000
4.07380277804110e+005	3.68381412827661e-004,-8.57549439997683e-003	1.16503907175995e+003,0.00000000000000e+000
4.16869383470332e+005	3.50771962740733e-004,-8.36838984025673e-003	1.19392462202492e+003,0.00000000000000e+000
4.26579518801589e+005	3.34049602802180e-004,-8.16682283704108e-003	1.22344335147960e+003,0.00000000000000e+000
4.36515832240163e+005	3.18165561980455e-004,-7.97060916332407e-003	1.25361090113203e+003,0.00000000000000e+000
4.46683592150960e+005	3.03074113848493e-004,-7.77957303320712e-003	1.28444325674908e+003,0.00000000000000e+000
4.57088189614872e+005	2.88732355051597e-004,-7.59354658451136e-003	1.31595675727521e+003,0.00000000000000e+000
4.67735141287195e+005	2.75100002537818e-004,-7.41236939973750e-003	1.34816810344307e+003,0.00000000000000e+000
4.78630092322635e+005	2.62139207740129e-004,-7.23588806214766e-003	1.38109436658024e+003,0.00000000000000e+000
4.89778819368442e+005	2.49814386094469e-004,-7.06395574404555e-003	1.41475299761633e+003,0.00000000000000e+000
5.01187233627268e+005	2.38092060449069e-004,-6.89643182460107e-003	1.44916183629496e+003,0.00000000000000e+000
5.12861383991361e+005	2.26940717072318e-004,-6.73318153480841e-003	1.48433912059505e+003,0.00000000000000e+000
5.24807460249768e+005	2.16330673100433e-004,-6.57407562738492e-003	1.52030349636628e+003,0.00000000000000e+000
5.37031796370248e+005	2.06233954385350e-004,-6.41899006961447e-003	1.55707402718351e+003,0.00000000000000e+000
5.49540873857620e+005	1.96624182808560e-004,-6.26780575731610e-003	1.59467020442519e+003,0.00000000000000e+000
5.62341325190345e+005	1.87476472220620e-004,-6.12040824827859e-003	1.63311195758082e+003,0.00000000000000e+000
5.75439937337152e+005	1.78767332249405e-004,-5.97668751364613e-003	1.67241966479283e+003,0.00000000000000e+000
5.88843655355584e+005	1.70474579294559e-004,-5.83653770587035e-003	1.71261416363826e+003,0.00000000000000e+000
6.02559586074353e+005	1.62577254092003e-004,-5.69985694196284e-003	1.75371676215575e+003,0.00000000000000e+000
6.16595001861477e+005	1.55055545291578e-004,-5.56654710088874e-003	1.79574925012367e+003,0.00000000000000e+000
6.30957344480188e+005	1.47890718543867e-004,-5.43651363403966e-003	1.83873391059511e+003,0.00000000000000e+000
6.45654229034650e+005	1.41065050639795e-004,-5.30966538781208e-003	1.88269353169574e+003,0.00000000000000e+000
6.60693448007591e+005	1.34561768289023e-004,-5.18591443739780e-003	1.92765141869083e+003,0.00000000000000e+000
6.76082975391976e+005	1.28364991161432e-004,-5.06517593096580e-003	1.97363140632754e+003,0.00000000000000e+000
6.91830970918931e+005	1.22459678850257e-004,-4.94736794348150e-003	2.02065787145903e+003,0.00000000000000e+000
7.07945784384132e+005	1.16831581446191e-004,-4.83241133946972e-003	2.06875574595701e+003,0.00000000000000e+000
7.24435960074984e+005	1.11467193439756e-004,-4.72022964408314e-003	2.11795052991946e+003,0.00000000000000e+000
7.41310241300911e+005	1.06353710694033e-004,-4.61074892188824e-003	2.16826830518049e+003,0.00000000000000e+000
7.58577575029177e+005	1.01478990252623e-004,-4.50389766282705e-003	2.21973574912941e+003,0.00000000000000e+000
7.76247116628685e+005	9.68315127679881e-005,-4.39960667485490e-003	2.27238014884624e+003,0.00000000000000e+000
7.94328234724275e+005	9.24003473538282e-005,-4.29780898279311e-003	2.32622941556123e+003,0.00000000000000e+000
8.12830516164092e+005	8.81751186818225e-005,-4.19843973297090e-003	2.38131209944589e+003,0.00000000000000e+000
8.31763771102664e+005	8.41459761581292e-005,-4.10143610326299e-003	2.43765740474332e+003,0.00000000000000e+000
8.51138038202369e+005	8.03035650288771e-005,-4.00673721815931e-003	2.49529520524591e+003,0.00000000000000e+000
8.70963589956073e+005	7.66389992761309e-005,-3.91428406853029e-003	2.55425606012853e+003,0.00000000000000e+000
8.91250938133738e+005	7.31438361772969e-005,-3.82401943577634e-003	2.61457123014555e+003,0.00000000000000e+000
9.12010839355902e+005	6.98100524110667e-005,-3.73588782007311e-003	2.67627269420024e+003,0.00000000000000e+000
9.33254300796983e+005	6.66300216024426e-005,-3.64983537244539e-003	2.73939316629537e+003,0.00000000000000e+000
9.54992586021428e+005	6.35964932078320e-005,-3.56580983042178e-003	2.80396611287391e+003,0.00000000000000e+000
9.77237220955802e+005	6.07025726489953e-005,-3.48376045704036e-003	2.87002577055903e+003,0.00000000000000e+000
1.00000000000000e+006	5.79417026117193e-005,-3.40363798299218e-003	2.93760716430272e+003,0.00000000000000e+000
