time	U1	I2(right)	I2(left)	I1(left)	I1(right)
0.000000000000000e+000	0.000000e+000	0.000000e+000	0.000000e+000	0.000000e+000	0.000000e+000
3.949598209114162e-007	2.485132e-001	2.343115e-004	-1.985245e-004	6.693853e-004	-1.985245e-004
7.899196418228323e-007	4.964927e-001	4.681198e-004	-3.966226e-004	1.337333e-003	-3.966227e-004
1.184879462734249e-006	7.439385e-001	7.014248e-004	-5.942944e-004	2.003843e-003	-5.942944e-004
1.579839283645665e-006	9.908506e-001	9.342267e-004	-7.915398e-004	2.668915e-003	-7.915398e-004
1.974799104557081e-006	1.237229e+000	1.166525e-003	-9.883589e-004	3.332550e-003	-9.883589e-004
2.369758925468497e-006	1.483074e+000	1.398321e-003	-1.184752e-003	3.994747e-003	-1.184752e-003
2.764718746379912e-006	1.728384e+000	1.629613e-003	-1.380718e-003	4.655506e-003	-1.380718e-003
3.755232139237055e-006	2.343243e+000	2.209334e-003	-1.871897e-003	6.311664e-003	-1.871897e-003
4.745745532094197e-006	2.943387e+000	2.775182e-003	-2.351321e-003	7.928188e-003	-2.351321e-003
5.736258924951339e-006	3.528817e+000	3.327157e-003	-2.818992e-003	9.505079e-003	-2.818992e-003
6.726772317808482e-006	4.099534e+000	3.865258e-003	-3.274908e-003	1.104234e-002	-3.274908e-003
7.717285710665624e-006	4.655536e+000	4.389487e-003	-3.719069e-003	1.253996e-002	-3.719069e-003
8.707799103522766e-006	5.196824e+000	4.899842e-003	-4.151477e-003	1.399795e-002	-4.151477e-003
9.698312496379907e-006	5.723398e+000	5.396324e-003	-4.572130e-003	1.541631e-002	-4.572130e-003
1.130266517495133e-005	6.534996e+000	6.161542e-003	-5.220474e-003	1.760240e-002	-5.220474e-003
1.290701785352275e-005	7.264210e+000	6.849084e-003	-5.803006e-003	1.956658e-002	-5.803006e-003
1.451137053209417e-005	7.911040e+000	7.458950e-003	-6.319725e-003	2.130886e-002	-6.319725e-003
1.611572321066559e-005	8.475485e+000	7.991139e-003	-6.770631e-003	2.282922e-002	-6.770632e-003
1.772007588923701e-005	8.957546e+000	8.445651e-003	-7.155725e-003	2.412768e-002	-7.155725e-003
1.932442856780843e-005	9.357223e+000	8.822488e-003	-7.475006e-003	2.520424e-002	-7.475006e-003
2.092878124637984e-005	9.674515e+000	9.121648e-003	-7.728475e-003	2.605888e-002	-7.728475e-003
2.186349106780841e-005	9.806734e+000	9.246311e-003	-7.834098e-003	2.641502e-002	-7.834098e-003
2.279820088923698e-005	9.904643e+000	9.338625e-003	-7.912313e-003	2.667875e-002	-7.912313e-003
2.373291071066554e-005	9.968244e+000	9.398590e-003	-7.963120e-003	2.685006e-002	-7.963120e-003
2.466762053209411e-005	9.997535e+000	9.426207e-003	-7.986519e-003	2.692895e-002	-7.986519e-003
2.560233035352267e-005	9.992516e+000	9.421476e-003	-7.982510e-003	2.691544e-002	-7.982510e-003
2.653704017495124e-005	9.953188e+000	9.384396e-003	-7.951093e-003	2.680951e-002	-7.951093e-003
2.747174999637980e-005	9.879551e+000	9.314967e-003	-7.892268e-003	2.661116e-002	-7.892268e-003
2.756940624637980e-005	9.869875e+000	9.305843e-003	-7.884538e-003	2.658509e-002	-7.884538e-003
2.927141517495126e-005	9.627737e+000	9.077543e-003	-7.691106e-003	2.593288e-002	-7.691106e-003
3.097342410352273e-005	9.288567e+000	8.757755e-003	-7.420160e-003	2.501931e-002	-7.420160e-003
3.267543303209419e-005	8.852363e+000	8.346479e-003	-7.071700e-003	2.384437e-002	-7.071699e-003
3.437744196066566e-005	8.319126e+000	7.843714e-003	-6.645724e-003	2.240806e-002	-6.645724e-003
3.607945088923711e-005	7.688856e+000	7.249462e-003	-6.142233e-003	2.071039e-002	-6.142233e-003
3.778145981780858e-005	6.961553e+000	6.563722e-003	-5.561228e-003	1.875136e-002	-5.561228e-003
3.948346874638004e-005	6.137217e+000	5.786494e-003	-4.902708e-003	1.653096e-002	-4.902708e-003
4.051583481780864e-005	5.606465e+000	5.286074e-003	-4.478718e-003	1.510135e-002	-4.478718e-003
4.154820088923724e-005	5.058118e+000	4.769063e-003	-4.040672e-003	1.362434e-002	-4.040672e-003
4.258056696066584e-005	4.492175e+000	4.235461e-003	-3.588569e-003	1.209994e-002	-3.588569e-003
4.361293303209445e-005	3.908635e+000	3.685269e-003	-3.122408e-003	1.052814e-002	-3.122409e-003
4.464529910352304e-005	3.307499e+000	3.118486e-003	-2.642192e-003	8.908946e-003	-2.642192e-003
4.567766517495165e-005	2.688767e+000	2.535113e-003	-2.147918e-003	7.242354e-003	-2.147918e-003
4.671003124638024e-005	2.052438e+000	1.935148e-003	-1.639588e-003	5.528365e-003	-1.639588e-003
4.717041071066598e-005	1.767915e+000	1.666884e-003	-1.412297e-003	4.761984e-003	-1.412297e-003
4.763079017495170e-005	1.482511e+000	1.397791e-003	-1.184302e-003	3.993233e-003	-1.184302e-003
4.809116963923743e-005	1.196228e+000	1.127867e-003	-9.556052e-004	3.222111e-003	-9.556052e-004
4.855154910352315e-005	9.090643e-001	8.571141e-004	-7.262049e-004	2.448618e-003	-7.262049e-004
4.901192856780888e-005	6.210206e-001	5.855312e-004	-4.961015e-004	1.672756e-003	-4.961015e-004
4.947230803209461e-005	3.320969e-001	3.131186e-004	-2.652952e-004	8.945227e-004	-2.652952e-004
4.993268749638034e-005	4.229317e-002	3.987625e-005	-3.378585e-005	1.139192e-004	-3.378585e-005
5.016985267495177e-005	-1.068012e-001	-1.006979e-004	8.531801e-005	-2.876754e-004	8.531802e-005
5.040701785352321e-005	-2.557892e-001	-2.411717e-004	2.043369e-004	-6.889835e-004	2.043369e-004
5.064418303209464e-005	-4.046709e-001	-3.815452e-004	3.232708e-004	-1.090005e-003	3.232708e-004
5.088134821066608e-005	-5.534462e-001	-5.218185e-004	4.421198e-004	-1.490740e-003	4.421198e-004
5.111851338923752e-005	-7.021151e-001	-6.619915e-004	5.608838e-004	-1.891189e-003	5.608838e-004
5.135567856780895e-005	-8.506777e-001	-8.020642e-004	6.795629e-004	-2.291351e-003	6.795629e-004
5.159284374638038e-005	-9.991339e-001	-9.420366e-004	7.981570e-004	-2.691227e-003	7.981570e-004
5.233224106780898e-005	-1.462567e+000	-1.378986e-003	1.168370e-003	-3.939511e-003	1.168370e-003
5.307163838923757e-005	-1.920410e+000	-1.810665e-003	1.534117e-003	-5.172738e-003	1.534117e-003
5.381103571066617e-005	-2.372662e+000	-2.237072e-003	1.895398e-003	-6.390907e-003	1.895398e-003
5.455043303209476e-005	-2.819324e+000	-2.658209e-003	2.252214e-003	-7.594017e-003	2.252214e-003
5.528983035352335e-005	-3.260396e+000	-3.074075e-003	2.604563e-003	-8.782070e-003	2.604563e-003
5.602922767495194e-005	-3.695877e+000	-3.484669e-003	2.952447e-003	-9.955065e-003	2.952447e-003
5.676862499638053e-005	-4.125768e+000	-3.889993e-003	3.295864e-003	-1.111300e-002	3.295865e-003
5.686628124638054e-005	-4.181582e+000	-3.942618e-003	3.340452e-003	-1.126334e-002	3.340452e-003
5.821951785352343e-005	-4.949670e+000	-4.666812e-003	3.954038e-003	-1.333223e-002	3.954038e-003
5.957275446066633e-005	-5.670004e+000	-5.345981e-003	4.529476e-003	-1.527249e-002	4.529476e-003
6.092599106780922e-005	-6.342586e+000	-5.980127e-003	5.066767e-003	-1.708413e-002	5.066767e-003
6.227922767495213e-005	-6.967415e+000	-6.569249e-003	5.565911e-003	-1.876715e-002	5.565911e-003
6.363246428209502e-005	-7.544491e+000	-7.113347e-003	6.026908e-003	-2.032154e-002	6.026908e-003
6.498570088923791e-005	-8.073815e+000	-7.612422e-003	6.449757e-003	-2.174730e-002	6.449757e-003
6.633893749638081e-005	-8.555386e+000	-8.066473e-003	6.834459e-003	-2.304444e-002	6.834460e-003
6.915701785352374e-005	-9.334175e+000	-8.800757e-003	7.456594e-003	-2.514216e-002	7.456594e-003
7.197509821066668e-005	-9.811624e+000	-9.250921e-003	7.838004e-003	-2.642819e-002	7.838004e-003
7.479317856780963e-005	-9.987732e+000	-9.416965e-003	7.978688e-003	-2.690255e-002	7.978687e-003
7.761125892495256e-005	-9.862500e+000	-9.298890e-003	7.878646e-003	-2.656523e-002	7.878646e-003
8.042933928209550e-005	-9.435928e+000	-8.896695e-003	7.537879e-003	-2.541623e-002	7.537879e-003
8.324741963923844e-005	-8.708015e+000	-8.210380e-003	6.956387e-003	-2.345556e-002	6.956387e-003
8.606549999638137e-005	-7.678762e+000	-7.239945e-003	6.134170e-003	-2.068320e-002	6.134170e-003
8.616315624638137e-005	-7.639312e+000	-7.202750e-003	6.102655e-003	-2.057694e-002	6.102655e-003
8.737688392495284e-005	-7.116616e+000	-6.709924e-003	5.685100e-003	-1.916903e-002	5.685100e-003
8.859061160352430e-005	-6.561187e+000	-6.186236e-003	5.241396e-003	-1.767295e-002	5.241396e-003
8.980433928209577e-005	-5.973024e+000	-5.631684e-003	4.771543e-003	-1.608869e-002	4.771543e-003
9.101806696066722e-005	-5.352127e+000	-5.046270e-003	4.275540e-003	-1.441627e-002	4.275540e-003
9.223179463923869e-005	-4.698497e+000	-4.429993e-003	3.753389e-003	-1.265568e-002	3.753389e-003
9.344552231781016e-005	-4.012133e+000	-3.782853e-003	3.205088e-003	-1.080692e-002	3.205088e-003
9.465924999638162e-005	-3.293036e+000	-3.104850e-003	2.630638e-003	-8.869989e-003	2.630638e-003
9.532889285352449e-005	-2.891142e+000	-2.725923e-003	2.309585e-003	-7.787463e-003	2.309585e-003
9.599853571066737e-005	-2.485941e+000	-2.343877e-003	1.985891e-003	-6.696030e-003	1.985891e-003
9.666817856781024e-005	-2.077433e+000	-1.958714e-003	1.659555e-003	-5.595689e-003	1.659555e-003
9.733782142495313e-005	-1.665618e+000	-1.570433e-003	1.330577e-003	-4.486440e-003	1.330577e-003
9.800746428209600e-005	-1.250496e+000	-1.179034e-003	9.989569e-004	-3.368284e-003	9.989569e-004
9.867710713923888e-005	-8.320663e-001	-7.845163e-004	6.646952e-004	-2.241220e-003	6.646952e-004
9.934674999638175e-005	-4.103300e-001	-3.868809e-004	3.277916e-004	-1.105248e-003	3.277916e-004
9.993268749638177e-005	-4.229325e-002	-3.987633e-005	3.378591e-005	-1.139194e-004	3.378591e-005
9.999999999999999e-005	-1.133100e-014	-1.068347e-017	9.051753e-018	-3.052071e-017	9.051753e-018
